GRASPING OBJECT LO

set sai2::SVHHand_Left::grasp_type_flag 1

HOME:

[0.051115,0.094033,0.173342,0.113344,0.171886,0.122578,0.021778,0.006512,0.167929]
sai2::SVHHand_Left::grasp_type_flag


CYLINDER


Grasp Cyliner Pre
 [0.05111,0.79991,0.173342,0.113344,0.171886,0.122578,0.021778,0.006512,0.229999]


 set sai2::SVHHand_Left::position_command [0.199898,0.989991,0.598884,0.348131,0.505622,0.510044,0.075115,0.268063,0.229999]
set sai2::SVHHand_Left::position_command [0.05111,0.989991,0.173342,0.113344,0.171886,0.122578,0.021778,0.006512,0.229999]

Grasp Cylinder
set sai2::SVHHand_Left::position_command [0.199898,0.989991,0.598884,0.348131,0.505622,0.510044,0.175115,0.268063,0.229999]